Entered year: 4
Entered month: 8
		August
Odd/Even1       2       1       2
Ïí  	3	10	17	24	31	
Âò  	4	11	18	25	 	
Ñð  	5	12	19	26	 	
×ò  	6	13	20	27	 	
Ïò  	7	14	21	28	 	
Ñá 1	8	15	22	29	 	
Âñ 2	9	16	23	30	 	

		September
Odd/Even1       2       1       2
Ïí  	7	14	21	28	 	
Âò 1	8	15	22	29	 	
Ñð 2	9	16	23	30	 	
×ò 3	10	17	24	 	 	
Ïò 4	11	18	25	 	 	
Ñá 5	12	19	26	 	 	
Âñ 6	13	20	27	 	 	

		October
Odd/Even1       2       1       2
Ïí  	5	12	19	26	 	
Âò  	6	13	20	27	 	
Ñð  	7	14	21	28	 	
×ò 1	8	15	22	29	 	
Ïò 2	9	16	23	30	 	
Ñá 3	10	17	24	31	 	
Âñ 4	11	18	25	 	 	

		November
Odd/Even1       2       1       2
Ïí  	2	9	16	23	30	
Âò  	3	10	17	24	 	
Ñð  	4	11	18	25	 	
×ò  	5	12	19	26	 	
Ïò  	6	13	20	27	 	
Ñá  	7	14	21	28	 	
Âñ 1	8	15	22	29	 	

		December
Odd/Even1       2       1       2
Ïí  	7	14	21	28	 	
Âò 1	8	15	22	29	 	
Ñð 2	9	16	23	30	 	
×ò 3	10	17	24	31	 	
Ïò 4	11	18	25	 	 	
Ñá 5	12	19	26	 	 	
Âñ 6	13	20	27	 	 	


		January
Odd/Even1       2       1       2
Ïí  	4	11	18	25	 	
Âò  	5	12	19	26	 	
Ñð  	6	13	20	27	 	
×ò  	7	14	21	28	 	
Ïò 1	8	15	22	29	 	
Ñá 2	9	16	23	30	 	
Âñ 3	10	17	24	31	 	

		February
Odd/Even1       2       1       2
Ïí 1	8	15	22	 	 	
Âò 2	9	16	23	 	 	
Ñð 3	10	17	24	 	 	
×ò 4	11	18	25	 	 	
Ïò 5	12	19	26	 	 	
Ñá 6	13	20	27	 	 	
Âñ 7	14	21	28	 	 	

		March
Odd/Even1       2       1       2
Ïí 1	8	15	22	29	 	
Âò 2	9	16	23	30	 	
Ñð 3	10	17	24	31	 	
×ò 4	11	18	25	 	 	
Ïò 5	12	19	26	 	 	
Ñá 6	13	20	27	 	 	
Âñ 7	14	21	28	 	 	

		April
Odd/Even1       2       1       2
Ïí  	5	12	19	26	 	
Âò  	6	13	20	27	 	
Ñð  	7	14	21	28	 	
×ò 1	8	15	22	29	 	
Ïò 2	9	16	23	30	 	
Ñá 3	10	17	24	 	 	
Âñ 4	11	18	25	 	 	

		May
Odd/Even1       2       1       2
Ïí  	3	10	17	24	31	
Âò  	4	11	18	25	 	
Ñð  	5	12	19	26	 	
×ò  	6	13	20	27	 	
Ïò  	7	14	21	28	 	
Ñá 1	8	15	22	29	 	
Âñ 2	9	16	23	30	 	

		June
Odd/Even1       2       1       2
Ïí  	7	14	21	28	 	
Âò 1	8	15	22	29	 	
Ñð 2	9	16	23	30	 	
×ò 3	10	17	24	 	 	
Ïò 4	11	18	25	 	 	
Ñá 5	12	19	26	 	 	
Âñ 6	13	20	27	 	 	

		July
Odd/Even1       2       1       2
Ïí  	5	12	19	26	 	
Âò  	6	13	20	27	 	
Ñð  	7	14	21	28	 	
×ò 1	8	15	22	29	 	
Ïò 2	9	16	23	30	 	
Ñá 3	10	17	24	31	 	
Âñ 4	11	18	25	 	 	

Entered year: 4444
Entered month: 5
		May
Odd/Even1       2       1       2
Ïí  	5	12	19	26	 	
Âò  	6	13	20	27	 	
Ñð  	7	14	21	28	 	
×ò 1	8	15	22	29	 	
Ïò 2	9	16	23	30	 	
Ñá 3	10	17	24	31	 	
Âñ 4	11	18	25	 	 	

		June
Odd/Even1       2       1       2
Ïí  	2	9	16	23	30	
Âò  	3	10	17	24	 	
Ñð  	4	11	18	25	 	
×ò  	5	12	19	26	 	
Ïò  	6	13	20	27	 	
Ñá  	7	14	21	28	 	
Âñ 1	8	15	22	29	 	

		July
Odd/Even1       2       1       2
Ïí  	7	14	21	28	 	
Âò 1	8	15	22	29	 	
Ñð 2	9	16	23	30	 	
×ò 3	10	17	24	31	 	
Ïò 4	11	18	25	 	 	
Ñá 5	12	19	26	 	 	
Âñ 6	13	20	27	 	 	

		August
Odd/Even1       2       1       2
Ïí  	4	11	18	25	 	
Âò  	5	12	19	26	 	
Ñð  	6	13	20	27	 	
×ò  	7	14	21	28	 	
Ïò 1	8	15	22	29	 	
Ñá 2	9	16	23	30	 	
Âñ 3	10	17	24	31	 	

		September
Odd/Even1       2       1       2
Ïí 1	8	15	22	29	 	
Âò 2	9	16	23	30	 	
Ñð 3	10	17	24	 	 	
×ò 4	11	18	25	 	 	
Ïò 5	12	19	26	 	 	
Ñá 6	13	20	27	 	 	
Âñ 7	14	21	28	 	 	

		October
Odd/Even1       2       1       2
Ïí  	6	13	20	27	 	
Âò  	7	14	21	28	 	
Ñð 1	8	15	22	29	 	
×ò 2	9	16	23	30	 	
Ïò 3	10	17	24	31	 	
Ñá 4	11	18	25	 	 	
Âñ 5	12	19	26	 	 	

		November
Odd/Even1       2       1       2
Ïí  	3	10	17	24	 	
Âò  	4	11	18	25	 	
Ñð  	5	12	19	26	 	
×ò  	6	13	20	27	 	
Ïò  	7	14	21	28	 	
Ñá 1	8	15	22	29	 	
Âñ 2	9	16	23	30	 	

		December
Odd/Even1       2       1       2
Ïí 1	8	15	22	29	 	
Âò 2	9	16	23	30	 	
Ñð 3	10	17	24	31	 	
×ò 4	11	18	25	 	 	
Ïò 5	12	19	26	 	 	
Ñá 6	13	20	27	 	 	
Âñ 7	14	21	28	 	 	


		January
Odd/Even1       2       1       2
Ïí  	5	12	19	26	 	
Âò  	6	13	20	27	 	
Ñð  	7	14	21	28	 	
×ò 1	8	15	22	29	 	
Ïò 2	9	16	23	30	 	
Ñá 3	10	17	24	31	 	
Âñ 4	11	18	25	 	 	

		February
Odd/Even1       2       1       2
Ïí  	2	9	16	23	 	
Âò  	3	10	17	24	 	
Ñð  	4	11	18	25	 	
×ò  	5	12	19	26	 	
Ïò  	6	13	20	27	 	
Ñá  	7	14	21	28	 	
Âñ 1	8	15	22	 	 	

		March
Odd/Even1       2       1       2
Ïí  	2	9	16	23	30	
Âò  	3	10	17	24	31	
Ñð  	4	11	18	25	 	
×ò  	5	12	19	26	 	
Ïò  	6	13	20	27	 	
Ñá  	7	14	21	28	 	
Âñ 1	8	15	22	29	 	

		April
Odd/Even1       2       1       2
Ïí  	6	13	20	27	 	
Âò  	7	14	21	28	 	
Ñð 1	8	15	22	29	 	
×ò 2	9	16	23	30	 	
Ïò 3	10	17	24	 	 	
Ñá 4	11	18	25	 	 	
Âñ 5	12	19	26	 	 	

Entered year: 2023
Entered month: 5
		May
Odd/Even1       2       1       2
Ïí 1	8	15	22	29	 	
Âò 2	9	16	23	30	 	
Ñð 3	10	17	24	31	 	
×ò 4	11	18	25	 	 	
Ïò 5	12	19	26	 	 	
Ñá 6	13	20	27	 	 	
Âñ 7	14	21	28	 	 	

		June
Odd/Even1       2       1       2
Ïí  	5	12	19	26	 	
Âò  	6	13	20	27	 	
Ñð  	7	14	21	28	 	
×ò 1	8	15	22	29	 	
Ïò 2	9	16	23	30	 	
Ñá 3	10	17	24	 	 	
Âñ 4	11	18	25	 	 	

		July
Odd/Even1       2       1       2
Ïí  	3	10	17	24	31	
Âò  	4	11	18	25	 	
Ñð  	5	12	19	26	 	
×ò  	6	13	20	27	 	
Ïò  	7	14	21	28	 	
Ñá 1	8	15	22	29	 	
Âñ 2	9	16	23	30	 	

		August
Odd/Even1       2       1       2
Ïí  	7	14	21	28	 	
Âò 1	8	15	22	29	 	
Ñð 2	9	16	23	30	 	
×ò 3	10	17	24	31	 	
Ïò 4	11	18	25	 	 	
Ñá 5	12	19	26	 	 	
Âñ 6	13	20	27	 	 	

		September
Odd/Even1       2       1       2
Ïí  	4	11	18	25	 	
Âò  	5	12	19	26	 	
Ñð  	6	13	20	27	 	
×ò  	7	14	21	28	 	
Ïò 1	8	15	22	29	 	
Ñá 2	9	16	23	30	 	
Âñ 3	10	17	24	 	 	

		October
Odd/Even1       2       1       2
Ïí  	2	9	16	23	30	
Âò  	3	10	17	24	31	
Ñð  	4	11	18	25	 	
×ò  	5	12	19	26	 	
Ïò  	6	13	20	27	 	
Ñá  	7	14	21	28	 	
Âñ 1	8	15	22	29	 	

		November
Odd/Even1       2       1       2
Ïí  	6	13	20	27	 	
Âò  	7	14	21	28	 	
Ñð 1	8	15	22	29	 	
×ò 2	9	16	23	30	 	
Ïò 3	10	17	24	 	 	
Ñá 4	11	18	25	 	 	
Âñ 5	12	19	26	 	 	

		December
Odd/Even1       2       1       2
Ïí  	4	11	18	25	 	
Âò  	5	12	19	26	 	
Ñð  	6	13	20	27	 	
×ò  	7	14	21	28	 	
Ïò 1	8	15	22	29	 	
Ñá 2	9	16	23	30	 	
Âñ 3	10	17	24	31	 	


		January
Odd/Even1       2       1       2
Ïí 1	8	15	22	29	 	
Âò 2	9	16	23	30	 	
Ñð 3	10	17	24	31	 	
×ò 4	11	18	25	 	 	
Ïò 5	12	19	26	 	 	
Ñá 6	13	20	27	 	 	
Âñ 7	14	21	28	 	 	

		February
Odd/Even1       2       1       2
Ïí  	5	12	19	26	 	
Âò  	6	13	20	27	 	
Ñð  	7	14	21	28	 	
×ò 1	8	15	22	29	 	
Ïò 2	9	16	23	 	 	
Ñá 3	10	17	24	 	 	
Âñ 4	11	18	25	 	 	

		March
Odd/Even1       2       1       2
Ïí  	4	11	18	25	 	
Âò  	5	12	19	26	 	
Ñð  	6	13	20	27	 	
×ò  	7	14	21	28	 	
Ïò 1	8	15	22	29	 	
Ñá 2	9	16	23	30	 	
Âñ 3	10	17	24	31	 	

		April
Odd/Even1       2       1       2
Ïí 1	8	15	22	29	 	
Âò 2	9	16	23	30	 	
Ñð 3	10	17	24	 	 	
×ò 4	11	18	25	 	 	
Ïò 5	12	19	26	 	 	
Ñá 6	13	20	27	 	 	
Âñ 7	14	21	28	 	 	

Entered year: 2023
Entered month: 5
		May
Odd/Even1       2       1       2
Ïí 1	8	15	22	29	 	
Âò 2	9	16	23	30	 	
Ñð 3	10	17	24	31	 	
×ò 4	11	18	25	 	 	
Ïò 5	12	19	26	 	 	
Ñá 6	13	20	27	 	 	
Âñ 7	14	21	28	 	 	

		June
Odd/Even1       2       1       2
Ïí  	5	12	19	26	 	
Âò  	6	13	20	27	 	
Ñð  	7	14	21	28	 	
×ò 1	8	15	22	29	 	
Ïò 2	9	16	23	30	 	
Ñá 3	10	17	24	 	 	
Âñ 4	11	18	25	 	 	

		July
Odd/Even1       2       1       2
Ïí  	3	10	17	24	31	
Âò  	4	11	18	25	 	
Ñð  	5	12	19	26	 	
×ò  	6	13	20	27	 	
Ïò  	7	14	21	28	 	
Ñá 1	8	15	22	29	 	
Âñ 2	9	16	23	30	 	

		August
Odd/Even1       2       1       2
Ïí  	7	14	21	28	 	
Âò 1	8	15	22	29	 	
Ñð 2	9	16	23	30	 	
×ò 3	10	17	24	31	 	
Ïò 4	11	18	25	 	 	
Ñá 5	12	19	26	 	 	
Âñ 6	13	20	27	 	 	

		September
Odd/Even1       2       1       2
Ïí  	4	11	18	25	 	
Âò  	5	12	19	26	 	
Ñð  	6	13	20	27	 	
×ò  	7	14	21	28	 	
Ïò 1	8	15	22	29	 	
Ñá 2	9	16	23	30	 	
Âñ 3	10	17	24	 	 	

		October
Odd/Even1       2       1       2
Ïí  	2	9	16	23	30	
Âò  	3	10	17	24	31	
Ñð  	4	11	18	25	 	
×ò  	5	12	19	26	 	
Ïò  	6	13	20	27	 	
Ñá  	7	14	21	28	 	
Âñ 1	8	15	22	29	 	

		November
Odd/Even1       2       1       2
Ïí  	6	13	20	27	 	
Âò  	7	14	21	28	 	
Ñð 1	8	15	22	29	 	
×ò 2	9	16	23	30	 	
Ïò 3	10	17	24	 	 	
Ñá 4	11	18	25	 	 	
Âñ 5	12	19	26	 	 	

		December
Odd/Even1       2       1       2
Ïí  	4	11	18	25	 	
Âò  	5	12	19	26	 	
Ñð  	6	13	20	27	 	
×ò  	7	14	21	28	 	
Ïò 1	8	15	22	29	 	
Ñá 2	9	16	23	30	 	
Âñ 3	10	17	24	31	 	


		January
Odd/Even1       2       1       2
Ïí 1	8	15	22	29	 	
Âò 2	9	16	23	30	 	
Ñð 3	10	17	24	31	 	
×ò 4	11	18	25	 	 	
Ïò 5	12	19	26	 	 	
Ñá 6	13	20	27	 	 	
Âñ 7	14	21	28	 	 	

		February
Odd/Even1       2       1       2
Ïí  	5	12	19	26	 	
Âò  	6	13	20	27	 	
Ñð  	7	14	21	28	 	
×ò 1	8	15	22	29	 	
Ïò 2	9	16	23	 	 	
Ñá 3	10	17	24	 	 	
Âñ 4	11	18	25	 	 	

		March
Odd/Even1       2       1       2
Ïí  	4	11	18	25	 	
Âò  	5	12	19	26	 	
Ñð  	6	13	20	27	 	
×ò  	7	14	21	28	 	
Ïò 1	8	15	22	29	 	
Ñá 2	9	16	23	30	 	
Âñ 3	10	17	24	31	 	

		April
Odd/Even1       2       1       2
Ïí 1	8	15	22	29	 	
Âò 2	9	16	23	30	 	
Ñð 3	10	17	24	 	 	
×ò 4	11	18	25	 	 	
Ïò 5	12	19	26	 	 	
Ñá 6	13	20	27	 	 	
Âñ 7	14	21	28	 	 	

Entered year: 2023
Entered month: 5
		May
Odd/Even1       2       1       2
Ïí 1	8	15	22	29	 	
Âò 2	9	16	23	30	 	
Ñð 3	10	17	24	31	 	
×ò 4	11	18	25	 	 	
Ïò 5	12	19	26	 	 	
Ñá 6	13	20	27	 	 	
Âñ 7	14	21	28	 	 	

		June
Odd/Even1       2       1       2
Ïí  	5	12	19	26	 	
Âò  	6	13	20	27	 	
Ñð  	7	14	21	28	 	
×ò 1	8	15	22	29	 	
Ïò 2	9	16	23	30	 	
Ñá 3	10	17	24	 	 	
Âñ 4	11	18	25	 	 	

		July
Odd/Even1       2       1       2
Ïí  	3	10	17	24	31	
Âò  	4	11	18	25	 	
Ñð  	5	12	19	26	 	
×ò  	6	13	20	27	 	
Ïò  	7	14	21	28	 	
Ñá 1	8	15	22	29	 	
Âñ 2	9	16	23	30	 	

		August
Odd/Even1       2       1       2
Ïí  	7	14	21	28	 	
Âò 1	8	15	22	29	 	
Ñð 2	9	16	23	30	 	
×ò 3	10	17	24	31	 	
Ïò 4	11	18	25	 	 	
Ñá 5	12	19	26	 	 	
Âñ 6	13	20	27	 	 	

		September
Odd/Even1       2       1       2
Ïí  	4	11	18	25	 	
Âò  	5	12	19	26	 	
Ñð  	6	13	20	27	 	
×ò  	7	14	21	28	 	
Ïò 1	8	15	22	29	 	
Ñá 2	9	16	23	30	 	
Âñ 3	10	17	24	 	 	

		October
Odd/Even1       2       1       2
Ïí  	2	9	16	23	30	
Âò  	3	10	17	24	31	
Ñð  	4	11	18	25	 	
×ò  	5	12	19	26	 	
Ïò  	6	13	20	27	 	
Ñá  	7	14	21	28	 	
Âñ 1	8	15	22	29	 	

		November
Odd/Even1       2       1       2
Ïí  	6	13	20	27	 	
Âò  	7	14	21	28	 	
Ñð 1	8	15	22	29	 	
×ò 2	9	16	23	30	 	
Ïò 3	10	17	24	 	 	
Ñá 4	11	18	25	 	 	
Âñ 5	12	19	26	 	 	

		December
Odd/Even1       2       1       2
Ïí  	4	11	18	25	 	
Âò  	5	12	19	26	 	
Ñð  	6	13	20	27	 	
×ò  	7	14	21	28	 	
Ïò 1	8	15	22	29	 	
Ñá 2	9	16	23	30	 	
Âñ 3	10	17	24	31	 	


		January
Odd/Even1       2       1       2
Ïí 1	8	15	22	29	 	
Âò 2	9	16	23	30	 	
Ñð 3	10	17	24	31	 	
×ò 4	11	18	25	 	 	
Ïò 5	12	19	26	 	 	
Ñá 6	13	20	27	 	 	
Âñ 7	14	21	28	 	 	

		February
Odd/Even1       2       1       2
Ïí  	5	12	19	26	 	
Âò  	6	13	20	27	 	
Ñð  	7	14	21	28	 	
×ò 1	8	15	22	29	 	
Ïò 2	9	16	23	 	 	
Ñá 3	10	17	24	 	 	
Âñ 4	11	18	25	 	 	

		March
Odd/Even1       2       1       2
Ïí  	4	11	18	25	 	
Âò  	5	12	19	26	 	
Ñð  	6	13	20	27	 	
×ò  	7	14	21	28	 	
Ïò 1	8	15	22	29	 	
Ñá 2	9	16	23	30	 	
Âñ 3	10	17	24	31	 	

		April
Odd/Even1       2       1       2
Ïí 1	8	15	22	29	 	
Âò 2	9	16	23	30	 	
Ñð 3	10	17	24	 	 	
×ò 4	11	18	25	 	 	
Ïò 5	12	19	26	 	 	
Ñá 6	13	20	27	 	 	
Âñ 7	14	21	28	 	 	

Entered year: 2023
Entered month: 5
		May
Odd/Even1       2       1       2
Ïí 1	8	15	22	29	 	
Âò 2	9	16	23	30	 	
Ñð 3	10	17	24	31	 	
×ò 4	11	18	25	 	 	
Ïò 5	12	19	26	 	 	
Ñá 6	13	20	27	 	 	
Âñ 7	14	21	28	 	 	

		June
Odd/Even1       2       1       2
Ïí  	5	12	19	26	 	
Âò  	6	13	20	27	 	
Ñð  	7	14	21	28	 	
×ò 1	8	15	22	29	 	
Ïò 2	9	16	23	30	 	
Ñá 3	10	17	24	 	 	
Âñ 4	11	18	25	 	 	

		July
Odd/Even1       2       1       2
Ïí  	3	10	17	24	31	
Âò  	4	11	18	25	 	
Ñð  	5	12	19	26	 	
×ò  	6	13	20	27	 	
Ïò  	7	14	21	28	 	
Ñá 1	8	15	22	29	 	
Âñ 2	9	16	23	30	 	

		August
Odd/Even1       2       1       2
Ïí  	7	14	21	28	 	
Âò 1	8	15	22	29	 	
Ñð 2	9	16	23	30	 	
×ò 3	10	17	24	31	 	
Ïò 4	11	18	25	 	 	
Ñá 5	12	19	26	 	 	
Âñ 6	13	20	27	 	 	

		September
Odd/Even1       2       1       2
Ïí  	4	11	18	25	 	
Âò  	5	12	19	26	 	
Ñð  	6	13	20	27	 	
×ò  	7	14	21	28	 	
Ïò 1	8	15	22	29	 	
Ñá 2	9	16	23	30	 	
Âñ 3	10	17	24	 	 	

		October
Odd/Even1       2       1       2
Ïí  	2	9	16	23	30	
Âò  	3	10	17	24	31	
Ñð  	4	11	18	25	 	
×ò  	5	12	19	26	 	
Ïò  	6	13	20	27	 	
Ñá  	7	14	21	28	 	
Âñ 1	8	15	22	29	 	

		November
Odd/Even1       2       1       2
Ïí  	6	13	20	27	 	
Âò  	7	14	21	28	 	
Ñð 1	8	15	22	29	 	
×ò 2	9	16	23	30	 	
Ïò 3	10	17	24	 	 	
Ñá 4	11	18	25	 	 	
Âñ 5	12	19	26	 	 	

		December
Odd/Even1       2       1       2
Ïí  	4	11	18	25	 	
Âò  	5	12	19	26	 	
Ñð  	6	13	20	27	 	
×ò  	7	14	21	28	 	
Ïò 1	8	15	22	29	 	
Ñá 2	9	16	23	30	 	
Âñ 3	10	17	24	31	 	


		January
Odd/Even1       2       1       2
Ïí 1	8	15	22	29	 	
Âò 2	9	16	23	30	 	
Ñð 3	10	17	24	31	 	
×ò 4	11	18	25	 	 	
Ïò 5	12	19	26	 	 	
Ñá 6	13	20	27	 	 	
Âñ 7	14	21	28	 	 	

		February
Odd/Even1       2       1       2
Ïí  	5	12	19	26	 	
Âò  	6	13	20	27	 	
Ñð  	7	14	21	28	 	
×ò 1	8	15	22	29	 	
Ïò 2	9	16	23	 	 	
Ñá 3	10	17	24	 	 	
Âñ 4	11	18	25	 	 	

		March
Odd/Even1       2       1       2
Ïí  	4	11	18	25	 	
Âò  	5	12	19	26	 	
Ñð  	6	13	20	27	 	
×ò  	7	14	21	28	 	
Ïò 1	8	15	22	29	 	
Ñá 2	9	16	23	30	 	
Âñ 3	10	17	24	31	 	

		April
Odd/Even1       2       1       2
Ïí 1	8	15	22	29	 	
Âò 2	9	16	23	30	 	
Ñð 3	10	17	24	 	 	
×ò 4	11	18	25	 	 	
Ïò 5	12	19	26	 	 	
Ñá 6	13	20	27	 	 	
Âñ 7	14	21	28	 	 	

Entered year: 2023
Entered month: 1
		January
Odd/Even1       2       1       2
Ïí  	2	9	16	23	30	
Âò  	3	10	17	24	31	
Ñð  	4	11	18	25	 	
×ò  	5	12	19	26	 	
Ïò  	6	13	20	27	 	
Ñá  	7	14	21	28	 	
Âñ 1	8	15	22	29	 	

		February
Odd/Even1       2       1       2
Ïí  	6	13	20	27	 	
Âò  	7	14	21	28	 	
Ñð 1	8	15	22	 	 	
×ò 2	9	16	23	 	 	
Ïò 3	10	17	24	 	 	
Ñá 4	11	18	25	 	 	
Âñ 5	12	19	26	 	 	

		March
Odd/Even1       2       1       2
Ïí  	6	13	20	27	 	
Âò  	7	14	21	28	 	
Ñð 1	8	15	22	29	 	
×ò 2	9	16	23	30	 	
Ïò 3	10	17	24	31	 	
Ñá 4	11	18	25	 	 	
Âñ 5	12	19	26	 	 	

		April
Odd/Even1       2       1       2
Ïí  	3	10	17	24	 	
Âò  	4	11	18	25	 	
Ñð  	5	12	19	26	 	
×ò  	6	13	20	27	 	
Ïò  	7	14	21	28	 	
Ñá 1	8	15	22	29	 	
Âñ 2	9	16	23	30	 	

		May
Odd/Even1       2       1       2
Ïí 1	8	15	22	29	 	
Âò 2	9	16	23	30	 	
Ñð 3	10	17	24	31	 	
×ò 4	11	18	25	 	 	
Ïò 5	12	19	26	 	 	
Ñá 6	13	20	27	 	 	
Âñ 7	14	21	28	 	 	

		June
Odd/Even1       2       1       2
Ïí  	5	12	19	26	 	
Âò  	6	13	20	27	 	
Ñð  	7	14	21	28	 	
×ò 1	8	15	22	29	 	
Ïò 2	9	16	23	30	 	
Ñá 3	10	17	24	 	 	
Âñ 4	11	18	25	 	 	

		July
Odd/Even1       2       1       2
Ïí  	3	10	17	24	31	
Âò  	4	11	18	25	 	
Ñð  	5	12	19	26	 	
×ò  	6	13	20	27	 	
Ïò  	7	14	21	28	 	
Ñá 1	8	15	22	29	 	
Âñ 2	9	16	23	30	 	

		August
Odd/Even1       2       1       2
Ïí  	7	14	21	28	 	
Âò 1	8	15	22	29	 	
Ñð 2	9	16	23	30	 	
×ò 3	10	17	24	31	 	
Ïò 4	11	18	25	 	 	
Ñá 5	12	19	26	 	 	
Âñ 6	13	20	27	 	 	

		September
Odd/Even1       2       1       2
Ïí  	4	11	18	25	 	
Âò  	5	12	19	26	 	
Ñð  	6	13	20	27	 	
×ò  	7	14	21	28	 	
Ïò 1	8	15	22	29	 	
Ñá 2	9	16	23	30	 	
Âñ 3	10	17	24	 	 	

		October
Odd/Even1       2       1       2
Ïí  	2	9	16	23	30	
Âò  	3	10	17	24	31	
Ñð  	4	11	18	25	 	
×ò  	5	12	19	26	 	
Ïò  	6	13	20	27	 	
Ñá  	7	14	21	28	 	
Âñ 1	8	15	22	29	 	

		November
Odd/Even1       2       1       2
Ïí  	6	13	20	27	 	
Âò  	7	14	21	28	 	
Ñð 1	8	15	22	29	 	
×ò 2	9	16	23	30	 	
Ïò 3	10	17	24	 	 	
Ñá 4	11	18	25	 	 	
Âñ 5	12	19	26	 	 	

		December
Odd/Even1       2       1       2
Ïí  	4	11	18	25	 	
Âò  	5	12	19	26	 	
Ñð  	6	13	20	27	 	
×ò  	7	14	21	28	 	
Ïò 1	8	15	22	29	 	
Ñá 2	9	16	23	30	 	
Âñ 3	10	17	24	31	 	


Entered year: 2023
Entered month: 1
		January
Odd/Even1       2       1       2
Ïí  	2	9	16	23	30	
Âò  	3	10	17	24	31	
Ñð  	4	11	18	25	 	
×ò  	5	12	19	26	 	
Ïò  	6	13	20	27	 	
Ñá  	7	14	21	28	 	
Âñ 1	8	15	22	29	 	

		February
Odd/Even1       2       1       2
Ïí  	6	13	20	27	 	
Âò  	7	14	21	28	 	
Ñð 1	8	15	22	 	 	
×ò 2	9	16	23	 	 	
Ïò 3	10	17	24	 	 	
Ñá 4	11	18	25	 	 	
Âñ 5	12	19	26	 	 	

		March
Odd/Even1       2       1       2
Ïí  	6	13	20	27	 	
Âò  	7	14	21	28	 	
Ñð 1	8	15	22	29	 	
×ò 2	9	16	23	30	 	
Ïò 3	10	17	24	31	 	
Ñá 4	11	18	25	 	 	
Âñ 5	12	19	26	 	 	

		April
Odd/Even1       2       1       2
Ïí  	3	10	17	24	 	
Âò  	4	11	18	25	 	
Ñð  	5	12	19	26	 	
×ò  	6	13	20	27	 	
Ïò  	7	14	21	28	 	
Ñá 1	8	15	22	29	 	
Âñ 2	9	16	23	30	 	

		May
Odd/Even1       2       1       2
Ïí 1	8	15	22	29	 	
Âò 2	9	16	23	30	 	
Ñð 3	10	17	24	31	 	
×ò 4	11	18	25	 	 	
Ïò 5	12	19	26	 	 	
Ñá 6	13	20	27	 	 	
Âñ 7	14	21	28	 	 	

		June
Odd/Even1       2       1       2
Ïí  	5	12	19	26	 	
Âò  	6	13	20	27	 	
Ñð  	7	14	21	28	 	
×ò 1	8	15	22	29	 	
Ïò 2	9	16	23	30	 	
Ñá 3	10	17	24	 	 	
Âñ 4	11	18	25	 	 	

		July
Odd/Even1       2       1       2
Ïí  	3	10	17	24	31	
Âò  	4	11	18	25	 	
Ñð  	5	12	19	26	 	
×ò  	6	13	20	27	 	
Ïò  	7	14	21	28	 	
Ñá 1	8	15	22	29	 	
Âñ 2	9	16	23	30	 	

		August
Odd/Even1       2       1       2
Ïí  	7	14	21	28	 	
Âò 1	8	15	22	29	 	
Ñð 2	9	16	23	30	 	
×ò 3	10	17	24	31	 	
Ïò 4	11	18	25	 	 	
Ñá 5	12	19	26	 	 	
Âñ 6	13	20	27	 	 	

		September
Odd/Even1       2       1       2
Ïí  	4	11	18	25	 	
Âò  	5	12	19	26	 	
Ñð  	6	13	20	27	 	
×ò  	7	14	21	28	 	
Ïò 1	8	15	22	29	 	
Ñá 2	9	16	23	30	 	
Âñ 3	10	17	24	 	 	

		October
Odd/Even1       2       1       2
Ïí  	2	9	16	23	30	
Âò  	3	10	17	24	31	
Ñð  	4	11	18	25	 	
×ò  	5	12	19	26	 	
Ïò  	6	13	20	27	 	
Ñá  	7	14	21	28	 	
Âñ 1	8	15	22	29	 	

		November
Odd/Even1       2       1       2
Ïí  	6	13	20	27	 	
Âò  	7	14	21	28	 	
Ñð 1	8	15	22	29	 	
×ò 2	9	16	23	30	 	
Ïò 3	10	17	24	 	 	
Ñá 4	11	18	25	 	 	
Âñ 5	12	19	26	 	 	

		December
Odd/Even1       2       1       2
Ïí  	4	11	18	25	 	
Âò  	5	12	19	26	 	
Ñð  	6	13	20	27	 	
×ò  	7	14	21	28	 	
Ïò 1	8	15	22	29	 	
Ñá 2	9	16	23	30	 	
Âñ 3	10	17	24	31	 	


Entered year: 2023
Entered month: 2
		February
Odd/Even1       2       1       2
Ïí  	6	13	20	27	 	
Âò  	7	14	21	28	 	
Ñð 1	8	15	22	 	 	
×ò 2	9	16	23	 	 	
Ïò 3	10	17	24	 	 	
Ñá 4	11	18	25	 	 	
Âñ 5	12	19	26	 	 	

		March
Odd/Even1       2       1       2
Ïí  	6	13	20	27	 	
Âò  	7	14	21	28	 	
Ñð 1	8	15	22	29	 	
×ò 2	9	16	23	30	 	
Ïò 3	10	17	24	31	 	
Ñá 4	11	18	25	 	 	
Âñ 5	12	19	26	 	 	

		April
Odd/Even1       2       1       2
Ïí  	3	10	17	24	 	
Âò  	4	11	18	25	 	
Ñð  	5	12	19	26	 	
×ò  	6	13	20	27	 	
Ïò  	7	14	21	28	 	
Ñá 1	8	15	22	29	 	
Âñ 2	9	16	23	30	 	

		May
Odd/Even1       2       1       2
Ïí 1	8	15	22	29	 	
Âò 2	9	16	23	30	 	
Ñð 3	10	17	24	31	 	
×ò 4	11	18	25	 	 	
Ïò 5	12	19	26	 	 	
Ñá 6	13	20	27	 	 	
Âñ 7	14	21	28	 	 	

		June
Odd/Even1       2       1       2
Ïí  	5	12	19	26	 	
Âò  	6	13	20	27	 	
Ñð  	7	14	21	28	 	
×ò 1	8	15	22	29	 	
Ïò 2	9	16	23	30	 	
Ñá 3	10	17	24	 	 	
Âñ 4	11	18	25	 	 	

		July
Odd/Even1       2       1       2
Ïí  	3	10	17	24	31	
Âò  	4	11	18	25	 	
Ñð  	5	12	19	26	 	
×ò  	6	13	20	27	 	
Ïò  	7	14	21	28	 	
Ñá 1	8	15	22	29	 	
Âñ 2	9	16	23	30	 	

		August
Odd/Even1       2       1       2
Ïí  	7	14	21	28	 	
Âò 1	8	15	22	29	 	
Ñð 2	9	16	23	30	 	
×ò 3	10	17	24	31	 	
Ïò 4	11	18	25	 	 	
Ñá 5	12	19	26	 	 	
Âñ 6	13	20	27	 	 	

		September
Odd/Even1       2       1       2
Ïí  	4	11	18	25	 	
Âò  	5	12	19	26	 	
Ñð  	6	13	20	27	 	
×ò  	7	14	21	28	 	
Ïò 1	8	15	22	29	 	
Ñá 2	9	16	23	30	 	
Âñ 3	10	17	24	 	 	

		October
Odd/Even1       2       1       2
Ïí  	2	9	16	23	30	
Âò  	3	10	17	24	31	
Ñð  	4	11	18	25	 	
×ò  	5	12	19	26	 	
Ïò  	6	13	20	27	 	
Ñá  	7	14	21	28	 	
Âñ 1	8	15	22	29	 	

		November
Odd/Even1       2       1       2
Ïí  	6	13	20	27	 	
Âò  	7	14	21	28	 	
Ñð 1	8	15	22	29	 	
×ò 2	9	16	23	30	 	
Ïò 3	10	17	24	 	 	
Ñá 4	11	18	25	 	 	
Âñ 5	12	19	26	 	 	

		December
Odd/Even1       2       1       2
Ïí  	4	11	18	25	 	
Âò  	5	12	19	26	 	
Ñð  	6	13	20	27	 	
×ò  	7	14	21	28	 	
Ïò 1	8	15	22	29	 	
Ñá 2	9	16	23	30	 	
Âñ 3	10	17	24	31	 	


		2024
	Happy New Year!!!

		January
Odd/Even1       2       1       2
Ïí 1	8	15	22	29	 	
Âò 2	9	16	23	30	 	
Ñð 3	10	17	24	31	 	
×ò 4	11	18	25	 	 	
Ïò 5	12	19	26	 	 	
Ñá 6	13	20	27	 	 	
Âñ 7	14	21	28	 	 	

Entered year: 2023
Entered month: 1
		January
Odd/Even1       2       1       2
Ïí  	2	9	16	23	30	
Âò  	3	10	17	24	31	
Ñð  	4	11	18	25	 	
×ò  	5	12	19	26	 	
Ïò  	6	13	20	27	 	
Ñá  	7	14	21	28	 	
Âñ 1	8	15	22	29	 	

		February
Odd/Even1       2       1       2
Ïí  	6	13	20	27	 	
Âò  	7	14	21	28	 	
Ñð 1	8	15	22	 	 	
×ò 2	9	16	23	 	 	
Ïò 3	10	17	24	 	 	
Ñá 4	11	18	25	 	 	
Âñ 5	12	19	26	 	 	

		March
Odd/Even1       2       1       2
Ïí  	6	13	20	27	 	
Âò  	7	14	21	28	 	
Ñð 1	8	15	22	29	 	
×ò 2	9	16	23	30	 	
Ïò 3	10	17	24	31	 	
Ñá 4	11	18	25	 	 	
Âñ 5	12	19	26	 	 	

		April
Odd/Even1       2       1       2
Ïí  	3	10	17	24	 	
Âò  	4	11	18	25	 	
Ñð  	5	12	19	26	 	
×ò  	6	13	20	27	 	
Ïò  	7	14	21	28	 	
Ñá 1	8	15	22	29	 	
Âñ 2	9	16	23	30	 	

		May
Odd/Even1       2       1       2
Ïí 1	8	15	22	29	 	
Âò 2	9	16	23	30	 	
Ñð 3	10	17	24	31	 	
×ò 4	11	18	25	 	 	
Ïò 5	12	19	26	 	 	
Ñá 6	13	20	27	 	 	
Âñ 7	14	21	28	 	 	

		June
Odd/Even1       2       1       2
Ïí  	5	12	19	26	 	
Âò  	6	13	20	27	 	
Ñð  	7	14	21	28	 	
×ò 1	8	15	22	29	 	
Ïò 2	9	16	23	30	 	
Ñá 3	10	17	24	 	 	
Âñ 4	11	18	25	 	 	

		July
Odd/Even1       2       1       2
Ïí  	3	10	17	24	31	
Âò  	4	11	18	25	 	
Ñð  	5	12	19	26	 	
×ò  	6	13	20	27	 	
Ïò  	7	14	21	28	 	
Ñá 1	8	15	22	29	 	
Âñ 2	9	16	23	30	 	

		August
Odd/Even1       2       1       2
Ïí  	7	14	21	28	 	
Âò 1	8	15	22	29	 	
Ñð 2	9	16	23	30	 	
×ò 3	10	17	24	31	 	
Ïò 4	11	18	25	 	 	
Ñá 5	12	19	26	 	 	
Âñ 6	13	20	27	 	 	

		September
Odd/Even1       2       1       2
Ïí  	4	11	18	25	 	
Âò  	5	12	19	26	 	
Ñð  	6	13	20	27	 	
×ò  	7	14	21	28	 	
Ïò 1	8	15	22	29	 	
Ñá 2	9	16	23	30	 	
Âñ 3	10	17	24	 	 	

		October
Odd/Even1       2       1       2
Ïí  	2	9	16	23	30	
Âò  	3	10	17	24	31	
Ñð  	4	11	18	25	 	
×ò  	5	12	19	26	 	
Ïò  	6	13	20	27	 	
Ñá  	7	14	21	28	 	
Âñ 1	8	15	22	29	 	

		November
Odd/Even1       2       1       2
Ïí  	6	13	20	27	 	
Âò  	7	14	21	28	 	
Ñð 1	8	15	22	29	 	
×ò 2	9	16	23	30	 	
Ïò 3	10	17	24	 	 	
Ñá 4	11	18	25	 	 	
Âñ 5	12	19	26	 	 	

		December
Odd/Even1       2       1       2
Ïí  	4	11	18	25	 	
Âò  	5	12	19	26	 	
Ñð  	6	13	20	27	 	
×ò  	7	14	21	28	 	
Ïò 1	8	15	22	29	 	
Ñá 2	9	16	23	30	 	
Âñ 3	10	17	24	31	 	


Entered year: 2023
Entered month: 1
		January
Odd/Even1       2       1       2
Ïí  	2	9	16	23	30	
Âò  	3	10	17	24	31	
Ñð  	4	11	18	25	 	
×ò  	5	12	19	26	 	
Ïò  	6	13	20	27	 	
Ñá  	7	14	21	28	 	
Âñ 1	8	15	22	29	 	

		February
Odd/Even1       2       1       2
Ïí  	6	13	20	27	 	
Âò  	7	14	21	28	 	
Ñð 1	8	15	22	 	 	
×ò 2	9	16	23	 	 	
Ïò 3	10	17	24	 	 	
Ñá 4	11	18	25	 	 	
Âñ 5	12	19	26	 	 	

		March
Odd/Even1       2       1       2
Ïí  	6	13	20	27	 	
Âò  	7	14	21	28	 	
Ñð 1	8	15	22	29	 	
×ò 2	9	16	23	30	 	
Ïò 3	10	17	24	31	 	
Ñá 4	11	18	25	 	 	
Âñ 5	12	19	26	 	 	

		April
Odd/Even1       2       1       2
Ïí  	3	10	17	24	 	
Âò  	4	11	18	25	 	
Ñð  	5	12	19	26	 	
×ò  	6	13	20	27	 	
Ïò  	7	14	21	28	 	
Ñá 1	8	15	22	29	 	
Âñ 2	9	16	23	30	 	

		May
Odd/Even1       2       1       2
Ïí 1	8	15	22	29	 	
Âò 2	9	16	23	30	 	
Ñð 3	10	17	24	31	 	
×ò 4	11	18	25	 	 	
Ïò 5	12	19	26	 	 	
Ñá 6	13	20	27	 	 	
Âñ 7	14	21	28	 	 	

		June
Odd/Even1       2       1       2
Ïí  	5	12	19	26	 	
Âò  	6	13	20	27	 	
Ñð  	7	14	21	28	 	
×ò 1	8	15	22	29	 	
Ïò 2	9	16	23	30	 	
Ñá 3	10	17	24	 	 	
Âñ 4	11	18	25	 	 	

		July
Odd/Even1       2       1       2
Ïí  	3	10	17	24	31	
Âò  	4	11	18	25	 	
Ñð  	5	12	19	26	 	
×ò  	6	13	20	27	 	
Ïò  	7	14	21	28	 	
Ñá 1	8	15	22	29	 	
Âñ 2	9	16	23	30	 	

		August
Odd/Even1       2       1       2
Ïí  	7	14	21	28	 	
Âò 1	8	15	22	29	 	
Ñð 2	9	16	23	30	 	
×ò 3	10	17	24	31	 	
Ïò 4	11	18	25	 	 	
Ñá 5	12	19	26	 	 	
Âñ 6	13	20	27	 	 	

		September
Odd/Even1       2       1       2
Ïí  	4	11	18	25	 	
Âò  	5	12	19	26	 	
Ñð  	6	13	20	27	 	
×ò  	7	14	21	28	 	
Ïò 1	8	15	22	29	 	
Ñá 2	9	16	23	30	 	
Âñ 3	10	17	24	 	 	

		October
Odd/Even1       2       1       2
Ïí  	2	9	16	23	30	
Âò  	3	10	17	24	31	
Ñð  	4	11	18	25	 	
×ò  	5	12	19	26	 	
Ïò  	6	13	20	27	 	
Ñá  	7	14	21	28	 	
Âñ 1	8	15	22	29	 	

		November
Odd/Even1       2       1       2
Ïí  	6	13	20	27	 	
Âò  	7	14	21	28	 	
Ñð 1	8	15	22	29	 	
×ò 2	9	16	23	30	 	
Ïò 3	10	17	24	 	 	
Ñá 4	11	18	25	 	 	
Âñ 5	12	19	26	 	 	

		December
Odd/Even1       2       1       2
Ïí  	4	11	18	25	 	
Âò  	5	12	19	26	 	
Ñð  	6	13	20	27	 	
×ò  	7	14	21	28	 	
Ïò 1	8	15	22	29	 	
Ñá 2	9	16	23	30	 	
Âñ 3	10	17	24	31	 	


Entered year: 2023
Entered month: 5
		May
Odd/Even1       2       1       2
Ïí 1	8	15	22	29	 	
Âò 2	9	16	23	30	 	
Ñð 3	10	17	24	31	 	
×ò 4	11	18	25	 	 	
Ïò 5	12	19	26	 	 	
Ñá 6	13	20	27	 	 	
Âñ 7	14	21	28	 	 	

		June
Odd/Even1       2       1       2
Ïí  	5	12	19	26	 	
Âò  	6	13	20	27	 	
Ñð  	7	14	21	28	 	
×ò 1	8	15	22	29	 	
Ïò 2	9	16	23	30	 	
Ñá 3	10	17	24	 	 	
Âñ 4	11	18	25	 	 	

		July
Odd/Even1       2       1       2
Ïí  	3	10	17	24	31	
Âò  	4	11	18	25	 	
Ñð  	5	12	19	26	 	
×ò  	6	13	20	27	 	
Ïò  	7	14	21	28	 	
Ñá 1	8	15	22	29	 	
Âñ 2	9	16	23	30	 	

		August
Odd/Even1       2       1       2
Ïí  	7	14	21	28	 	
Âò 1	8	15	22	29	 	
Ñð 2	9	16	23	30	 	
×ò 3	10	17	24	31	 	
Ïò 4	11	18	25	 	 	
Ñá 5	12	19	26	 	 	
Âñ 6	13	20	27	 	 	

		September
Odd/Even1       2       1       2
Ïí  	4	11	18	25	 	
Âò  	5	12	19	26	 	
Ñð  	6	13	20	27	 	
×ò  	7	14	21	28	 	
Ïò 1	8	15	22	29	 	
Ñá 2	9	16	23	30	 	
Âñ 3	10	17	24	 	 	

		October
Odd/Even1       2       1       2
Ïí  	2	9	16	23	30	
Âò  	3	10	17	24	31	
Ñð  	4	11	18	25	 	
×ò  	5	12	19	26	 	
Ïò  	6	13	20	27	 	
Ñá  	7	14	21	28	 	
Âñ 1	8	15	22	29	 	

		November
Odd/Even1       2       1       2
Ïí  	6	13	20	27	 	
Âò  	7	14	21	28	 	
Ñð 1	8	15	22	29	 	
×ò 2	9	16	23	30	 	
Ïò 3	10	17	24	 	 	
Ñá 4	11	18	25	 	 	
Âñ 5	12	19	26	 	 	

		December
Odd/Even1       2       1       2
Ïí  	4	11	18	25	 	
Âò  	5	12	19	26	 	
Ñð  	6	13	20	27	 	
×ò  	7	14	21	28	 	
Ïò 1	8	15	22	29	 	
Ñá 2	9	16	23	30	 	
Âñ 3	10	17	24	31	 	


		January
Odd/Even1       2       1       2
Ïí 1	8	15	22	29	 	
Âò 2	9	16	23	30	 	
Ñð 3	10	17	24	31	 	
×ò 4	11	18	25	 	 	
Ïò 5	12	19	26	 	 	
Ñá 6	13	20	27	 	 	
Âñ 7	14	21	28	 	 	

		February
Odd/Even1       2       1       2
Ïí  	5	12	19	26	 	
Âò  	6	13	20	27	 	
Ñð  	7	14	21	28	 	
×ò 1	8	15	22	29	 	
Ïò 2	9	16	23	 	 	
Ñá 3	10	17	24	 	 	
Âñ 4	11	18	25	 	 	

		March
Odd/Even1       2       1       2
Ïí  	4	11	18	25	 	
Âò  	5	12	19	26	 	
Ñð  	6	13	20	27	 	
×ò  	7	14	21	28	 	
Ïò 1	8	15	22	29	 	
Ñá 2	9	16	23	30	 	
Âñ 3	10	17	24	31	 	

		April
Odd/Even1       2       1       2
Ïí 1	8	15	22	29	 	
Âò 2	9	16	23	30	 	
Ñð 3	10	17	24	 	 	
×ò 4	11	18	25	 	 	
Ïò 5	12	19	26	 	 	
Ñá 6	13	20	27	 	 	
Âñ 7	14	21	28	 	 	

Entered year: 2023
Entered month: 2
		February
Odd/Even1       2       1       2
Ïí  	6	13	20	27	 	
Âò  	7	14	21	28	 	
Ñð 1	8	15	22	 	 	
×ò 2	9	16	23	 	 	
Ïò 3	10	17	24	 	 	
Ñá 4	11	18	25	 	 	
Âñ 5	12	19	26	 	 	

		March
Odd/Even1       2       1       2
Ïí  	6	13	20	27	 	
Âò  	7	14	21	28	 	
Ñð 1	8	15	22	29	 	
×ò 2	9	16	23	30	 	
Ïò 3	10	17	24	31	 	
Ñá 4	11	18	25	 	 	
Âñ 5	12	19	26	 	 	

		April
Odd/Even1       2       1       2
Ïí  	3	10	17	24	 	
Âò  	4	11	18	25	 	
Ñð  	5	12	19	26	 	
×ò  	6	13	20	27	 	
Ïò  	7	14	21	28	 	
Ñá 1	8	15	22	29	 	
Âñ 2	9	16	23	30	 	

		May
Odd/Even1       2       1       2
Ïí 1	8	15	22	29	 	
Âò 2	9	16	23	30	 	
Ñð 3	10	17	24	31	 	
×ò 4	11	18	25	 	 	
Ïò 5	12	19	26	 	 	
Ñá 6	13	20	27	 	 	
Âñ 7	14	21	28	 	 	

		June
Odd/Even1       2       1       2
Ïí  	5	12	19	26	 	
Âò  	6	13	20	27	 	
Ñð  	7	14	21	28	 	
×ò 1	8	15	22	29	 	
Ïò 2	9	16	23	30	 	
Ñá 3	10	17	24	 	 	
Âñ 4	11	18	25	 	 	

		July
Odd/Even1       2       1       2
Ïí  	3	10	17	24	31	
Âò  	4	11	18	25	 	
Ñð  	5	12	19	26	 	
×ò  	6	13	20	27	 	
Ïò  	7	14	21	28	 	
Ñá 1	8	15	22	29	 	
Âñ 2	9	16	23	30	 	

		August
Odd/Even1       2       1       2
Ïí  	7	14	21	28	 	
Âò 1	8	15	22	29	 	
Ñð 2	9	16	23	30	 	
×ò 3	10	17	24	31	 	
Ïò 4	11	18	25	 	 	
Ñá 5	12	19	26	 	 	
Âñ 6	13	20	27	 	 	

		September
Odd/Even1       2       1       2
Ïí  	4	11	18	25	 	
Âò  	5	12	19	26	 	
Ñð  	6	13	20	27	 	
×ò  	7	14	21	28	 	
Ïò 1	8	15	22	29	 	
Ñá 2	9	16	23	30	 	
Âñ 3	10	17	24	 	 	

		October
Odd/Even1       2       1       2
Ïí  	2	9	16	23	30	
Âò  	3	10	17	24	31	
Ñð  	4	11	18	25	 	
×ò  	5	12	19	26	 	
Ïò  	6	13	20	27	 	
Ñá  	7	14	21	28	 	
Âñ 1	8	15	22	29	 	

		November
Odd/Even1       2       1       2
Ïí  	6	13	20	27	 	
Âò  	7	14	21	28	 	
Ñð 1	8	15	22	29	 	
×ò 2	9	16	23	30	 	
Ïò 3	10	17	24	 	 	
Ñá 4	11	18	25	 	 	
Âñ 5	12	19	26	 	 	

		December
Odd/Even1       2       1       2
Ïí  	4	11	18	25	 	
Âò  	5	12	19	26	 	
Ñð  	6	13	20	27	 	
×ò  	7	14	21	28	 	
Ïò 1	8	15	22	29	 	
Ñá 2	9	16	23	30	 	
Âñ 3	10	17	24	31	 	


		2024
	Happy New Year!!!

		January
Odd/Even1       2       1       2
Ïí 1	8	15	22	29	 	
Âò 2	9	16	23	30	 	
Ñð 3	10	17	24	31	 	
×ò 4	11	18	25	 	 	
Ïò 5	12	19	26	 	 	
Ñá 6	13	20	27	 	 	
Âñ 7	14	21	28	 	 	

Entered year: 2232
Entered month: 1
		January
Odd/Even1       2       1       2
Ïí  	7	14	21	28	 	
Âò 1	8	15	22	29	 	
Ñð 2	9	16	23	30	 	
×ò 3	10	17	24	31	 	
Ïò 4	11	18	25	 	 	
Ñá 5	12	19	26	 	 	
Âñ 6	13	20	27	 	 	

		February
Odd/Even1       2       1       2
Ïí  	4	11	18	25	 	
Âò  	5	12	19	26	 	
Ñð  	6	13	20	27	 	
×ò  	7	14	21	28	 	
Ïò 1	8	15	22	29	 	
Ñá 2	9	16	23	 	 	
Âñ 3	10	17	24	 	 	

		March
Odd/Even1       2       1       2
Ïí  	3	10	17	24	31	
Âò  	4	11	18	25	 	
Ñð  	5	12	19	26	 	
×ò  	6	13	20	27	 	
Ïò  	7	14	21	28	 	
Ñá 1	8	15	22	29	 	
Âñ 2	9	16	23	30	 	

		April
Odd/Even1       2       1       2
Ïí  	7	14	21	28	 	
Âò 1	8	15	22	29	 	
Ñð 2	9	16	23	30	 	
×ò 3	10	17	24	 	 	
Ïò 4	11	18	25	 	 	
Ñá 5	12	19	26	 	 	
Âñ 6	13	20	27	 	 	

		May
Odd/Even1       2       1       2
Ïí  	5	12	19	26	 	
Âò  	6	13	20	27	 	
Ñð  	7	14	21	28	 	
×ò 1	8	15	22	29	 	
Ïò 2	9	16	23	30	 	
Ñá 3	10	17	24	31	 	
Âñ 4	11	18	25	 	 	

		June
Odd/Even1       2       1       2
Ïí  	2	9	16	23	30	
Âò  	3	10	17	24	 	
Ñð  	4	11	18	25	 	
×ò  	5	12	19	26	 	
Ïò  	6	13	20	27	 	
Ñá  	7	14	21	28	 	
Âñ 1	8	15	22	29	 	

		July
Odd/Even1       2       1       2
Ïí  	7	14	21	28	 	
Âò 1	8	15	22	29	 	
Ñð 2	9	16	23	30	 	
×ò 3	10	17	24	31	 	
Ïò 4	11	18	25	 	 	
Ñá 5	12	19	26	 	 	
Âñ 6	13	20	27	 	 	

		August
Odd/Even1       2       1       2
Ïí  	4	11	18	25	 	
Âò  	5	12	19	26	 	
Ñð  	6	13	20	27	 	
×ò  	7	14	21	28	 	
Ïò 1	8	15	22	29	 	
Ñá 2	9	16	23	30	 	
Âñ 3	10	17	24	31	 	

		September
Odd/Even1       2       1       2
Ïí 1	8	15	22	29	 	
Âò 2	9	16	23	30	 	
Ñð 3	10	17	24	 	 	
×ò 4	11	18	25	 	 	
Ïò 5	12	19	26	 	 	
Ñá 6	13	20	27	 	 	
Âñ 7	14	21	28	 	 	

		October
Odd/Even1       2       1       2
Ïí  	6	13	20	27	 	
Âò  	7	14	21	28	 	
Ñð 1	8	15	22	29	 	
×ò 2	9	16	23	30	 	
Ïò 3	10	17	24	31	 	
Ñá 4	11	18	25	 	 	
Âñ 5	12	19	26	 	 	

		November
Odd/Even1       2       1       2
Ïí  	3	10	17	24	 	
Âò  	4	11	18	25	 	
Ñð  	5	12	19	26	 	
×ò  	6	13	20	27	 	
Ïò  	7	14	21	28	 	
Ñá 1	8	15	22	29	 	
Âñ 2	9	16	23	30	 	

		December
Odd/Even1       2       1       2
Ïí 1	8	15	22	29	 	
Âò 2	9	16	23	30	 	
Ñð 3	10	17	24	31	 	
×ò 4	11	18	25	 	 	
Ïò 5	12	19	26	 	 	
Ñá 6	13	20	27	 	 	
Âñ 7	14	21	28	 	 	


Entered year: 22222
Entered month: 5
		May
Odd/Even1       2       1       2
Ïí 1	8	15	22	29	 	
Âò 2	9	16	23	30	 	
Ñð 3	10	17	24	31	 	
×ò 4	11	18	25	 	 	
Ïò 5	12	19	26	 	 	
Ñá 6	13	20	27	 	 	
Âñ 7	14	21	28	 	 	

		June
Odd/Even1       2       1       2
Ïí  	5	12	19	26	 	
Âò  	6	13	20	27	 	
Ñð  	7	14	21	28	 	
×ò 1	8	15	22	29	 	
Ïò 2	9	16	23	30	 	
Ñá 3	10	17	24	 	 	
Âñ 4	11	18	25	 	 	

		July
Odd/Even1       2       1       2
Ïí  	3	10	17	24	31	
Âò  	4	11	18	25	 	
Ñð  	5	12	19	26	 	
×ò  	6	13	20	27	 	
Ïò  	7	14	21	28	 	
Ñá 1	8	15	22	29	 	
Âñ 2	9	16	23	30	 	

		August
Odd/Even1       2       1       2
Ïí  	7	14	21	28	 	
Âò 1	8	15	22	29	 	
Ñð 2	9	16	23	30	 	
×ò 3	10	17	24	31	 	
Ïò 4	11	18	25	 	 	
Ñá 5	12	19	26	 	 	
Âñ 6	13	20	27	 	 	

		September
Odd/Even1       2       1       2
Ïí  	4	11	18	25	 	
Âò  	5	12	19	26	 	
Ñð  	6	13	20	27	 	
×ò  	7	14	21	28	 	
Ïò 1	8	15	22	29	 	
Ñá 2	9	16	23	30	 	
Âñ 3	10	17	24	 	 	

		October
Odd/Even1       2       1       2
Ïí  	2	9	16	23	30	
Âò  	3	10	17	24	31	
Ñð  	4	11	18	25	 	
×ò  	5	12	19	26	 	
Ïò  	6	13	20	27	 	
Ñá  	7	14	21	28	 	
Âñ 1	8	15	22	29	 	

		November
Odd/Even1       2       1       2
Ïí  	6	13	20	27	 	
Âò  	7	14	21	28	 	
Ñð 1	8	15	22	29	 	
×ò 2	9	16	23	30	 	
Ïò 3	10	17	24	 	 	
Ñá 4	11	18	25	 	 	
Âñ 5	12	19	26	 	 	

		December
Odd/Even1       2       1       2
Ïí  	4	11	18	25	 	
Âò  	5	12	19	26	 	
Ñð  	6	13	20	27	 	
×ò  	7	14	21	28	 	
Ïò 1	8	15	22	29	 	
Ñá 2	9	16	23	30	 	
Âñ 3	10	17	24	31	 	


		January
Odd/Even1       2       1       2
Ïí 1	8	15	22	29	 	
Âò 2	9	16	23	30	 	
Ñð 3	10	17	24	31	 	
×ò 4	11	18	25	 	 	
Ïò 5	12	19	26	 	 	
Ñá 6	13	20	27	 	 	
Âñ 7	14	21	28	 	 	

		February
Odd/Even1       2       1       2
Ïí  	5	12	19	26	 	
Âò  	6	13	20	27	 	
Ñð  	7	14	21	28	 	
×ò 1	8	15	22	 	 	
Ïò 2	9	16	23	 	 	
Ñá 3	10	17	24	 	 	
Âñ 4	11	18	25	 	 	

		March
Odd/Even1       2       1       2
Ïí  	5	12	19	26	 	
Âò  	6	13	20	27	 	
Ñð  	7	14	21	28	 	
×ò 1	8	15	22	29	 	
Ïò 2	9	16	23	30	 	
Ñá 3	10	17	24	31	 	
Âñ 4	11	18	25	 	 	

		April
Odd/Even1       2       1       2
Ïí  	2	9	16	23	30	
Âò  	3	10	17	24	 	
Ñð  	4	11	18	25	 	
×ò  	5	12	19	26	 	
Ïò  	6	13	20	27	 	
Ñá  	7	14	21	28	 	
Âñ 1	8	15	22	29	 	

Entered year: 1
Entered month: 1
		January
Odd/Even
        1       2       1       2
Ïí  	2	9	16	23	30	
Âò  	3	10	17	24	31	
Ñð  	4	11	18	25	 	
×ò  	5	12	19	26	 	
Ïò  	6	13	20	27	 	
Ñá  	7	14	21	28	 	
Âñ 1	8	15	22	29	 	

		February
Odd/Even
        1       2       1       2
Ïí  	6	13	20	27	 	
Âò  	7	14	21	28	 	
Ñð 1	8	15	22	 	 	
×ò 2	9	16	23	 	 	
Ïò 3	10	17	24	 	 	
Ñá 4	11	18	25	 	 	
Âñ 5	12	19	26	 	 	

		March
Odd/Even
        1       2       1       2
Ïí  	6	13	20	27	 	
Âò  	7	14	21	28	 	
Ñð 1	8	15	22	29	 	
×ò 2	9	16	23	30	 	
Ïò 3	10	17	24	31	 	
Ñá 4	11	18	25	 	 	
Âñ 5	12	19	26	 	 	

		April
Odd/Even
        1       2       1       2
Ïí  	3	10	17	24	 	
Âò  	4	11	18	25	 	
Ñð  	5	12	19	26	 	
×ò  	6	13	20	27	 	
Ïò  	7	14	21	28	 	
Ñá 1	8	15	22	29	 	
Âñ 2	9	16	23	30	 	

		May
Odd/Even
        1       2       1       2
Ïí 1	8	15	22	29	 	
Âò 2	9	16	23	30	 	
Ñð 3	10	17	24	31	 	
×ò 4	11	18	25	 	 	
Ïò 5	12	19	26	 	 	
Ñá 6	13	20	27	 	 	
Âñ 7	14	21	28	 	 	

		June
Odd/Even
        1       2       1       2
Ïí  	5	12	19	26	 	
Âò  	6	13	20	27	 	
Ñð  	7	14	21	28	 	
×ò 1	8	15	22	29	 	
Ïò 2	9	16	23	30	 	
Ñá 3	10	17	24	 	 	
Âñ 4	11	18	25	 	 	

		July
Odd/Even
        1       2       1       2
Ïí  	3	10	17	24	31	
Âò  	4	11	18	25	 	
Ñð  	5	12	19	26	 	
×ò  	6	13	20	27	 	
Ïò  	7	14	21	28	 	
Ñá 1	8	15	22	29	 	
Âñ 2	9	16	23	30	 	

		August
Odd/Even
        1       2       1       2
Ïí  	7	14	21	28	 	
Âò 1	8	15	22	29	 	
Ñð 2	9	16	23	30	 	
×ò 3	10	17	24	31	 	
Ïò 4	11	18	25	 	 	
Ñá 5	12	19	26	 	 	
Âñ 6	13	20	27	 	 	

		September
Odd/Even
        1       2       1       2
Ïí  	4	11	18	25	 	
Âò  	5	12	19	26	 	
Ñð  	6	13	20	27	 	
×ò  	7	14	21	28	 	
Ïò 1	8	15	22	29	 	
Ñá 2	9	16	23	30	 	
Âñ 3	10	17	24	 	 	

		October
Odd/Even
        1       2       1       2
Ïí  	2	9	16	23	30	
Âò  	3	10	17	24	31	
Ñð  	4	11	18	25	 	
×ò  	5	12	19	26	 	
Ïò  	6	13	20	27	 	
Ñá  	7	14	21	28	 	
Âñ 1	8	15	22	29	 	

		November
Odd/Even
        1       2       1       2
Ïí  	6	13	20	27	 	
Âò  	7	14	21	28	 	
Ñð 1	8	15	22	29	 	
×ò 2	9	16	23	30	 	
Ïò 3	10	17	24	 	 	
Ñá 4	11	18	25	 	 	
Âñ 5	12	19	26	 	 	

		December
Odd/Even
        1       2       1       2
Ïí  	4	11	18	25	 	
Âò  	5	12	19	26	 	
Ñð  	6	13	20	27	 	
×ò  	7	14	21	28	 	
Ïò 1	8	15	22	29	 	
Ñá 2	9	16	23	30	 	
Âñ 3	10	17	24	31	 	


Entered year: 1
Entered month: 12
		December
Odd/Even
        1       2       1       2
Ïí  	4	11	18	25	 	
Âò  	5	12	19	26	 	
Ñð  	6	13	20	27	 	
×ò  	7	14	21	28	 	
Ïò 1	8	15	22	29	 	
Ñá 2	9	16	23	30	 	
Âñ 3	10	17	24	31	 	


		January
Odd/Even
        1       2       1       2
Ïí 1	8	15	22	29	 	
Âò 2	9	16	23	30	 	
Ñð 3	10	17	24	31	 	
×ò 4	11	18	25	 	 	
Ïò 5	12	19	26	 	 	
Ñá 6	13	20	27	 	 	
Âñ 7	14	21	28	 	 	

		February
Odd/Even
        1       2       1       2
Ïí  	5	12	19	26	 	
Âò  	6	13	20	27	 	
Ñð  	7	14	21	28	 	
×ò 1	8	15	22	 	 	
Ïò 2	9	16	23	 	 	
Ñá 3	10	17	24	 	 	
Âñ 4	11	18	25	 	 	

		March
Odd/Even
        1       2       1       2
Ïí  	5	12	19	26	 	
Âò  	6	13	20	27	 	
Ñð  	7	14	21	28	 	
×ò 1	8	15	22	29	 	
Ïò 2	9	16	23	30	 	
Ñá 3	10	17	24	31	 	
Âñ 4	11	18	25	 	 	

		April
Odd/Even
        1       2       1       2
Ïí  	2	9	16	23	30	
Âò  	3	10	17	24	 	
Ñð  	4	11	18	25	 	
×ò  	5	12	19	26	 	
Ïò  	6	13	20	27	 	
Ñá  	7	14	21	28	 	
Âñ 1	8	15	22	29	 	

		May
Odd/Even
        1       2       1       2
Ïí  	7	14	21	28	 	
Âò 1	8	15	22	29	 	
Ñð 2	9	16	23	30	 	
×ò 3	10	17	24	31	 	
Ïò 4	11	18	25	 	 	
Ñá 5	12	19	26	 	 	
Âñ 6	13	20	27	 	 	

		June
Odd/Even
        1       2       1       2
Ïí  	4	11	18	25	 	
Âò  	5	12	19	26	 	
Ñð  	6	13	20	27	 	
×ò  	7	14	21	28	 	
Ïò 1	8	15	22	29	 	
Ñá 2	9	16	23	30	 	
Âñ 3	10	17	24	 	 	

		July
Odd/Even
        1       2       1       2
Ïí  	2	9	16	23	30	
Âò  	3	10	17	24	31	
Ñð  	4	11	18	25	 	
×ò  	5	12	19	26	 	
Ïò  	6	13	20	27	 	
Ñá  	7	14	21	28	 	
Âñ 1	8	15	22	29	 	

		August
Odd/Even
        1       2       1       2
Ïí  	6	13	20	27	 	
Âò  	7	14	21	28	 	
Ñð 1	8	15	22	29	 	
×ò 2	9	16	23	30	 	
Ïò 3	10	17	24	31	 	
Ñá 4	11	18	25	 	 	
Âñ 5	12	19	26	 	 	

		September
Odd/Even
        1       2       1       2
Ïí  	3	10	17	24	 	
Âò  	4	11	18	25	 	
Ñð  	5	12	19	26	 	
×ò  	6	13	20	27	 	
Ïò  	7	14	21	28	 	
Ñá 1	8	15	22	29	 	
Âñ 2	9	16	23	30	 	

		October
Odd/Even
        1       2       1       2
Ïí 1	8	15	22	29	 	
Âò 2	9	16	23	30	 	
Ñð 3	10	17	24	31	 	
×ò 4	11	18	25	 	 	
Ïò 5	12	19	26	 	 	
Ñá 6	13	20	27	 	 	
Âñ 7	14	21	28	 	 	

		November
Odd/Even
        1       2       1       2
Ïí  	5	12	19	26	 	
Âò  	6	13	20	27	 	
Ñð  	7	14	21	28	 	
×ò 1	8	15	22	29	 	
Ïò 2	9	16	23	30	 	
Ñá 3	10	17	24	 	 	
Âñ 4	11	18	25	 	 	

